Encodages:
(0,0,0,0) --> (0,0,0,0,0,0,0) 0   X
(1,0,0,0) --> (1,0,0,0,1,0,1) 81  X
(0,1,0,0) --> (0,1,0,0,1,1,1) 114 X
(1,1,0,0) --> (1,1,0,0,0,1,0) 35  X
(0,0,1,0) --> (0,0,1,0,1,1,0) 52  X
(1,0,1,0) --> (1,0,1,0,0,1,1) 101 X
(0,1,1,0) --> (0,1,1,0,0,0,1) 70  X
(1,1,1,0) --> (1,1,1,0,1,0,0) 23  X
(0,0,0,1) --> (0,0,0,1,0,1,1) 104 X
(1,0,0,1) --> (1,0,0,1,1,1,0) 57  X
(0,1,0,1) --> (0,1,0,1,1,0,0) 26  X
(1,1,0,1) --> (1,1,0,1,0,0,1) 75  X
(0,0,1,1) --> (0,0,1,1,1,0,1) 92  X
(1,0,1,1) --> (1,0,1,1,0,0,0) 13  X
(0,1,1,1) --> (0,1,1,1,0,1,0) 46  X
(1,1,1,1) --> (1,1,1,1,1,1,1) 127 X

Controles:

Lorsque le syndrome vaut (0,0,0), aucun bruit
(0,0,0,0,0,0,0)--> (0,0,0) 0
(1,0,1,1,0,0,0)--> (0,0,0) 13
(1,1,1,0,1,0,0)--> (0,0,0) 23
(0,1,0,1,1,0,0)--> (0,0,0) 26
(1,1,0,0,0,1,0)--> (0,0,0) 35
(0,1,1,1,0,1,0)--> (0,0,0) 46
(0,0,1,0,1,1,0)--> (0,0,0) 52
(1,0,0,1,1,1,0)--> (0,0,0) 57
(0,1,1,0,0,0,1)--> (0,0,0) 70
(1,1,0,1,0,0,1)--> (0,0,0) 75
(1,0,0,0,1,0,1)--> (0,0,0) 81
(0,0,1,1,1,0,1)--> (0,0,0) 92
(1,0,1,0,0,1,1)--> (0,0,0) 101
(0,0,0,1,0,1,1)--> (0,0,0) 104
(0,1,0,0,1,1,1)--> (0,0,0) 114
(1,1,1,1,1,1,1)--> (0,0,0) 127


(0,0,0,0,0,0,0) (0,0,0)
(1,0,0,0,0,0,0) (1,0,1) i=0
=======================
(0,1,0,0,1,1,1) (0,0,0)
(0,0,0,0,1,1,1) (1,1,1) i=1
=======================
(0,0,1,0,1,1,0) (0,0,0)
(0,0,0,0,1,1,0) (1,1,0) i=2
=======================
(0,1,1,0,0,0,1) (0,0,0)
(0,1,1,1,0,0,1) (0,1,1) i=3
=======================
(1,1,1,0,1,0,0) (0,0,0)
(1,1,1,0,0,0,0) (1,0,0) i=4
=======================
(1,0,0,1,1,1,0) (0,0,0)
(1,0,0,1,1,0,0) (0,1,0) i=5
=======================
(1,0,1,1,0,0,0) (0,0,0)
(1,0,1,1,0,0,1) (0,0,1) i=6
